//////////
				연도	LCC/yr  [천원]	LCC [천원]	발전 수익 (GC) [천원]	유지관리비 (MC) [천원]	초기투자비 (IC) [천원]	폐기/잔존가치비 (EC) [천원]	물가상승률 (e) 	이자율 (i)	r	r_prod	기본 요금 (EC_Bpr) [원]	발전량 (G_pr) [kWh]	패널 비점검 성능 (Ppk)	인버터 비점검 성능 (Pik)	패널 신제품 성능	인버터 신제품 성능	정기 점검 여부	비정기 점검 여부	점검 여부	패널 점검시 성능 (MPpk)	인버터 점검시 성능 (MPik)	발전수익 (GC_bk) [천원]	발전수익 (GC_k) [천원]	PV 패널 가격 (IC_panel) [천원/kW]	인버터 가격 (IC_inverter) [천원/kW]	유지관리비 (MC_bk) [천원]	유지관리비 (MC_k) [천원]
입력 항목	값	단위		2010.0000 	-96863.3000 	-96863.3000 	128011.0000 	0.0000 	132279.0000 	92595.3000 	1.0000 	1.0000 	1.0000 	1.0000 	0.0000 	25550.0000 	0.1800 	0.9400 	0.1203 	0.9481 	0.0000 	0.0000 	0.0000 	0.1800 	0.9400 	128010.6100 	128011.0000 	2534.0000 	666.8700 	0.0000 	0.0000 
기기명	**			2011.0000 	126159.0000 	252318.0000 	252318.0000 	0.0000 	0.0000 	0.0000 	1.7200 	2.0000 	0.9973 	0.9973 	0.0000 	25550.0000 	0.1764 	0.9340 	0.1581 	0.9586 	0.0000 	0.0000 	0.0000 	0.1764 	0.9340 	124649.6506 	124307.0000 	1899.2158 	577.6620 	0.0000 	0.0000 
제조사	**			2012.0000 	124324.6667 	372974.0000 	372974.0000 	0.0000 	0.0000 	0.0000 	1.7200 	2.0000 	0.9973 	0.9945 	0.0000 	25550.0000 	0.1728 	0.9280 	0.1802 	0.9648 	0.0000 	0.0000 	0.0000 	0.1728 	0.9280 	121321.3747 	120656.0000 	1527.8909 	525.4786 	0.0000 	0.0000 
용량	20.0000 	kW		2013.0000 	122507.5000 	490030.0000 	490030.0000 	0.0000 	0.0000 	0.0000 	1.7200 	2.0000 	0.9973 	0.9918 	0.0000 	25550.0000 	0.1692 	0.9220 	0.1959 	0.9691 	0.0000 	0.0000 	0.0000 	0.1692 	0.9220 	118025.7824 	117056.0000 	1264.4316 	488.4539 	0.0000 	0.0000 
구분-건물	일반			2014.0000 	122208.1516 	611040.7580 	641437.0000 	30396.2420 	0.0000 	0.0000 	1.7200 	2.0000 	0.9973 	0.9891 	0.0000 	25550.0000 	0.1656 	0.9160 	0.2081 	0.9725 	1.0000 	0.0000 	1.0000 	0.2081 	0.9725 	153081.0622 	151407.0000 	1060.0768 	459.7353 	30396.2420 	30064.0000 
구분-패널 유형	고정식			2015.0000 	126417.2930 	758503.7580 	788900.0000 	30396.2420 	0.0000 	0.0000 	1.7200 	2.0000 	0.9973 	0.9863 	0.0000 	25550.0000 	0.1620 	0.9100 	0.2180 	0.9753 	0.0000 	0.0000 	0.0000 	0.2045 	0.9665 	149504.2090 	147463.0000 	893.1067 	436.2706 	0.0000 	0.0000 
PV 패널 가격	29659.0000 	천원		2016.0000 	128867.9654 	902075.7580 	932472.0000 	30396.2420 	0.0000 	0.0000 	1.7200 	2.0000 	0.9973 	0.9836 	0.0000 	25550.0000 	0.1584 	0.9040 	0.2264 	0.9776 	0.0000 	0.0000 	0.0000 	0.2009 	0.9605 	145960.0393 	143572.0000 	751.9355 	416.4314 	0.0000 	0.0000 
인버터 가격	3180.0000 	천원		2017.0000 	130226.2197 	1041809.7580 	1072206.0000 	30396.2420 	0.0000 	0.0000 	1.7200 	2.0000 	0.9973 	0.9809 	0.0000 	25550.0000 	0.1548 	0.8980 	0.2337 	0.9796 	0.0000 	0.0000 	0.0000 	0.1973 	0.9545 	142448.5532 	139734.0000 	629.6474 	399.2459 	0.0000 	0.0000 
초기 투자비	99440.0000 	천원		2018.0000 	130861.8620 	1177756.7580 	1208153.0000 	30396.2420 	0.0000 	0.0000 	1.7200 	2.0000 	0.9973 	0.9782 	0.0000 	25550.0000 	0.1512 	0.8920 	0.2401 	0.9814 	0.0000 	0.0000 	0.0000 	0.1937 	0.9485 	138969.7507 	135947.0000 	521.7817 	384.0872 	0.0000 	0.0000 
기타 초기 비용	0.0000 	천원		2019.0000 	134021.1361 	1340211.3606 	1386524.0000 	46312.6394 	0.0000 	0.0000 	1.7200 	2.0000 	0.9973 	0.9756 	0.0000 	25550.0000 	0.1476 	0.8860 	0.2458 	0.9830 	1.0000 	0.0000 	1.0000 	0.2458 	0.9830 	182838.7122 	178371.0000 	425.2926 	370.5273 	15916.3974 	15527.0000 
설치 연도	2010.0000 			2020.0000 	137674.3964 	1514418.3606 	1560731.0000 	46312.6394 	0.0000 	0.0000 	1.7200 	2.0000 	0.9973 	0.9729 	0.0000 	25550.0000 	0.1440 	0.8800 	0.2510 	0.9844 	0.0000 	0.0000 	0.0000 	0.2422 	0.9770 	179061.7207 	174207.0000 	338.0075 	358.2609 	0.0000 	0.0000 
일간등가운전시간	3.5000 			2021.0000 	140376.1967 	1684514.3606 	1730827.0000 	46312.6394 	0.0000 	0.0000 	1.7200 	2.0000 	0.9973 	0.9702 	0.0000 	25550.0000 	0.1404 	0.8740 	0.2558 	0.9858 	0.0000 	0.0000 	0.0000 	0.2386 	0.9710 	175317.4129 	170096.0000 	258.3225 	347.0625 	0.0000 	0.0000 
기본 요금	0.0000 	원/yr		2022.0000 	142350.1047 	1850551.3606 	1896864.0000 	46312.6394 	0.0000 	0.0000 	1.7200 	2.0000 	0.9973 	0.9676 	0.0000 	25550.0000 	0.1368 	0.8680 	0.2602 	0.9870 	0.0000 	0.0000 	0.0000 	0.2350 	0.9650 	171605.7886 	166037.0000 	185.0194 	336.7610 	0.0000 	0.0000 
전력량 요금	5330.0000 	원/kWh		2023.0000 	143755.9543 	2012583.3606 	2058896.0000 	46312.6394 	0.0000 	0.0000 	1.7200 	2.0000 	0.9973 	0.9649 	0.0000 	25550.0000 	0.1332 	0.8620 	0.2642 	0.9881 	0.0000 	0.0000 	0.0000 	0.2314 	0.9590 	167926.8479 	162032.0000 	117.1513 	327.2233 	0.0000 	0.0000 
연간 발전량	25.5500 	MWh		2024.0000 	146478.0321 	2197170.4818 	2251850.0000 	54679.5182 	0.0000 	0.0000 	1.7200 	2.0000 	0.9973 	0.9622 	0.0000 	25550.0000 	0.1296 	0.8560 	0.2680 	0.9891 	1.0000 	0.0000 	1.0000 	0.2680 	0.9891 	200524.0797 	192954.0000 	100.0000 	318.3439 	8366.8788 	8051.0000 
교체 주기	5.0000 	yr		2025.0000 	149116.0926 	2385857.4818 	2440537.0000 	54679.5182 	0.0000 	0.0000 	1.7200 	2.0000 	0.9973 	0.9596 	0.0000 	25550.0000 	0.1260 	0.8500 	0.2715 	0.9900 	0.0000 	0.0000 	0.0000 	0.2644 	0.9831 	196630.0149 	188687.0000 	100.0000 	310.0378 	0.0000 	0.0000 
정기 점검 주기	5.0000 	yr		2026.0000 	151195.9695 	2570331.4818 	2625011.0000 	54679.5182 	0.0000 	0.0000 	1.7200 	2.0000 	0.9973 	0.9570 	0.0000 	25550.0000 	0.1224 	0.8440 	0.2748 	0.9900 	0.0000 	0.0000 	0.0000 	0.2608 	0.9771 	192768.6337 	184474.0000 	100.0000 	302.2354 	0.0000 	0.0000 
정기 점검 성능 회복량	1.0000 			2027.0000 	152813.6379 	2750645.4818 	2805325.0000 	54679.5182 	0.0000 	0.0000 	1.7200 	2.0000 	0.9973 	0.9543 	0.0000 	25550.0000 	0.1188 	0.8380 	0.2779 	0.9900 	0.0000 	0.0000 	0.0000 	0.2572 	0.9711 	188939.9361 	180314.0000 	100.0000 	294.8792 	0.0000 	0.0000 
물가 상승률	1.7200 			2028.0000 	154044.8148 	2926851.4818 	2981531.0000 	54679.5182 	0.0000 	0.0000 	1.7200 	2.0000 	0.9973 	0.9517 	0.0000 	25550.0000 	0.1152 	0.8320 	0.2800 	0.9900 	0.0000 	0.0000 	0.0000 	0.2536 	0.9651 	185143.9220 	176206.0000 	100.0000 	287.9207 	0.0000 	0.0000 
이자율	2.0000 			2029.0000 	155913.6048 	3118272.0967 	3180578.0000 	62305.9033 	0.0000 	0.0000 	1.7200 	2.0000 	0.9973 	0.9491 	0.0000 	25550.0000 	0.1116 	0.8260 	0.2800 	0.9900 	1.0000 	0.0000 	1.0000 	0.2800 	0.9900 	209719.5100 	199047.0000 	100.0000 	281.3193 	7626.3851 	7238.0000 
패널 연간 성능 하락	0.0036 			2030.0000 	157763.4808 	3313033.0967 	3375339.0000 	62305.9033 	0.0000 	0.0000 	1.7200 	2.0000 	0.9973 	0.9465 	0.0000 	25550.0000 	0.1080 	0.8200 	0.2800 	0.9900 	0.0000 	0.0000 	0.0000 	0.2764 	0.9840 	205768.4307 	194761.0000 	100.0000 	275.0400 	0.0000 	0.0000 
인버터 연간 성능 하락	0.0060 			2031.0000 	159252.7771 	3503561.0967 	3565867.0000 	62305.9033 	0.0000 	0.0000 	1.7200 	2.0000 	0.9973 	0.9439 	0.0000 	25550.0000 	0.1044 	0.8140 	0.2800 	0.9900 	0.0000 	0.0000 	0.0000 	0.2728 	0.9780 	201850.0351 	190528.0000 	100.0000 	269.0528 	0.0000 	0.0000 
				2032.0000 	160430.7868 	3689908.0967 	3752214.0000 	62305.9033 	0.0000 	0.0000 	1.7200 	2.0000 	0.9973 	0.9413 	0.0000 	25550.0000 	0.1008 	0.8080 	0.2800 	0.9900 	0.0000 	0.0000 	0.0000 	0.2692 	0.9720 	197964.3229 	186347.0000 	100.0000 	263.3319 	0.0000 	0.0000 
				2033.0000 	161338.6290 	3872127.0967 	3934433.0000 	62305.9033 	0.0000 	0.0000 	1.7200 	2.0000 	0.9973 	0.9387 	0.0000 	25550.0000 	0.0972 	0.8020 	0.2800 	0.9900 	0.0000 	0.0000 	0.0000 	0.2656 	0.9660 	194111.2943 	182219.0000 	100.0000 	257.8545 	0.0000 	0.0000 
				2034.0000 	162456.2033 	4061405.0830 	4130763.0000 	69357.9170 	0.0000 	0.0000 	1.7200 	2.0000 	0.9973 	0.9362 	0.0000 	25550.0000 	0.0936 	0.7960 	0.2800 	0.9900 	1.0000 	0.0000 	1.0000 	0.2800 	0.9900 	209719.5100 	196330.0000 	100.0000 	252.6007 	7052.0136 	6602.0000 
				2035.0000 	163596.4647 	4253508.0830 	4322866.0000 	69357.9170 	0.0000 	0.0000 	1.7200 	2.0000 	0.9973 	0.9336 	0.0000 	25550.0000 	0.0900 	0.7900 	0.2800 	0.9900 	0.0000 	0.0000 	0.0000 	0.2764 	0.9840 	205768.4307 	192103.0000 	100.0000 	247.5530 	0.0000 	0.0000 
				2036.0000 	164497.5957 	4441435.0830 	4510793.0000 	69357.9170 	0.0000 	0.0000 	1.7200 	2.0000 	0.9973 	0.9310 	0.0000 	25550.0000 	0.0864 	0.7840 	0.2800 	0.9900 	0.0000 	0.0000 	0.0000 	0.2728 	0.9780 	201850.0351 	187927.0000 	100.0000 	242.6958 	0.0000 	0.0000 
				2037.0000 	165187.1101 	4625239.0830 	4694597.0000 	69357.9170 	0.0000 	0.0000 	1.7200 	2.0000 	0.9973 	0.9285 	0.0000 	25550.0000 	0.0828 	0.7780 	0.2800 	0.9900 	0.0000 	0.0000 	0.0000 	0.2692 	0.9720 	197964.3229 	183804.0000 	100.0000 	238.0153 	0.0000 	0.0000 
				2038.0000 	165688.6236 	4804970.0830 	4874328.0000 	69357.9170 	0.0000 	0.0000 	1.7200 	2.0000 	0.9973 	0.9259 	0.0000 	25550.0000 	0.0792 	0.7720 	0.2800 	0.9900 	0.0000 	0.0000 	0.0000 	0.2656 	0.9660 	194111.2943 	179731.0000 	100.0000 	233.4990 	0.0000 	0.0000 
				2039.0000 	166401.2455 	4992037.3651 	5067978.0000 	75940.6349 	0.0000 	0.0000 	1.7200 	2.0000 	0.9973 	0.9234 	0.0000 	25550.0000 	0.0756 	0.7660 	0.2800 	0.9900 	1.0000 	0.0000 	1.0000 	0.2800 	0.9900 	209719.5100 	193650.0000 	100.0000 	229.1359 	6582.7179 	6078.0000 
				2040.0000 	167145.7215 	5181517.3651 	5257458.0000 	75940.6349 	0.0000 	0.0000 	1.7200 	2.0000 	0.9973 	0.9208 	0.0000 	25550.0000 	0.0720 	0.7600 	0.2800 	0.9900 	0.0000 	0.0000 	0.0000 	0.2764 	0.9840 	205768.4307 	189480.0000 	100.0000 	224.9158 	0.0000 	0.0000 
				2041.0000 	167714.9802 	5366879.3651 	5442820.0000 	75940.6349 	0.0000 	0.0000 	1.7200 	2.0000 	0.9973 	0.9183 	0.0000 	25550.0000 	0.0684 	0.7540 	0.2800 	0.9900 	0.0000 	0.0000 	0.0000 	0.2728 	0.9780 	201850.0351 	185362.0000 	100.0000 	220.8298 	0.0000 	0.0000 
				2042.0000 	168126.4959 	5548174.3651 	5624115.0000 	75940.6349 	0.0000 	0.0000 	1.7200 	2.0000 	0.9973 	0.9158 	0.0000 	25550.0000 	0.0648 	0.7480 	0.2800 	0.9900 	0.0000 	0.0000 	0.0000 	0.2692 	0.9720 	197964.3229 	181295.0000 	100.0000 	216.8695 	0.0000 	0.0000 
				2043.0000 	168395.6578 	5725452.3651 	5801393.0000 	75940.6349 	0.0000 	0.0000 	1.7200 	2.0000 	0.9973 	0.9133 	0.0000 	25550.0000 	0.0612 	0.7420 	0.2800 	0.9900 	0.0000 	0.0000 	0.0000 	0.2656 	0.9660 	194111.2943 	177278.0000 	100.0000 	213.0274 	0.0000 	0.0000 
				2044.0000 	168864.9552 	5910273.4310 	5992400.0000 	82126.5690 	0.0000 	0.0000 	1.7200 	2.0000 	0.9973 	0.9108 	0.0000 	25550.0000 	0.0576 	0.7360 	0.2800 	0.9900 	1.0000 	0.0000 	1.0000 	0.2800 	0.9900 	209719.5100 	191007.0000 	100.0000 	209.2967 	6185.9341 	5634.0000 
				2045.0000 	169365.7620 	6097167.4310 	6179294.0000 	82126.5690 	0.0000 	0.0000 	1.7200 	2.0000 	0.9973 	0.9083 	0.0000 	25550.0000 	0.0540 	0.7300 	0.2800 	0.9900 	0.0000 	0.0000 	0.0000 	0.2764 	0.9840 	205768.4307 	186894.0000 	100.0000 	205.6711 	0.0000 	0.0000 
				2046.0000 	169729.7144 	6279999.4310 	6362126.0000 	82126.5690 	0.0000 	0.0000 	1.7200 	2.0000 	0.9973 	0.9058 	0.0000 	25550.0000 	0.0504 	0.7240 	0.2800 	0.9900 	0.0000 	0.0000 	0.0000 	0.2728 	0.9780 	201850.0351 	182832.0000 	100.0000 	202.1449 	0.0000 	0.0000 
				2047.0000 	169968.9324 	6458819.4310 	6540946.0000 	82126.5690 	0.0000 	0.0000 	1.7200 	2.0000 	0.9973 	0.9033 	0.0000 	25550.0000 	0.0468 	0.7180 	0.2800 	0.9900 	0.0000 	0.0000 	0.0000 	0.2692 	0.9720 	197964.3229 	178820.0000 	100.0000 	198.7127 	0.0000 	0.0000 
				2048.0000 	170094.2931 	6633677.4310 	6715804.0000 	82126.5690 	0.0000 	0.0000 	1.7200 	2.0000 	0.9973 	0.9008 	0.0000 	25550.0000 	0.0432 	0.7120 	0.2800 	0.9900 	0.0000 	0.0000 	0.0000 	0.2656 	0.9660 	194111.2943 	174858.0000 	100.0000 	195.3696 	0.0000 	0.0000 
				2049.0000 	170405.8802 	6816235.2067 	6904204.0000 	87968.7933 	0.0000 	0.0000 	1.7200 	2.0000 	0.9973 	0.8983 	0.0000 	25550.0000 	0.0396 	0.7060 	0.2800 	0.9900 	1.0000 	0.0000 	1.0000 	0.2800 	0.9900 	209719.5100 	188400.0000 	100.0000 	192.1112 	5842.2243 	5248.0000 
				2050.0000 	170745.8099 	7000578.2067 	7088547.0000 	87968.7933 	0.0000 	0.0000 	1.7200 	2.0000 	0.9973 	0.8959 	0.0000 	25550.0000 	0.0360 	0.7000 	0.2800 	0.9900 	0.0000 	0.0000 	0.0000 	0.2764 	0.9840 	205768.4307 	184343.0000 	100.0000 	188.9333 	0.0000 	0.0000 
				2051.0000 	170974.1478 	7180914.2067 	7268883.0000 	87968.7933 	0.0000 	0.0000 	1.7200 	2.0000 	0.9973 	0.8934 	0.0000 	25550.0000 	0.0324 	0.6940 	0.2800 	0.9900 	0.0000 	0.0000 	0.0000 	0.2728 	0.9780 	201850.0351 	180336.0000 	100.0000 	185.8319 	0.0000 	0.0000 
				2052.0000 	171099.8420 	7357293.2067 	7445262.0000 	87968.7933 	0.0000 	0.0000 	1.7200 	2.0000 	0.9973 	0.8910 	0.0000 	25550.0000 	0.0288 	0.6880 	0.2800 	0.9900 	0.0000 	0.0000 	0.0000 	0.2692 	0.9720 	197964.3229 	176379.0000 	100.0000 	182.8035 	0.0000 	0.0000 
				2053.0000 	171131.0047 	7529764.2067 	7617733.0000 	87968.7933 	0.0000 	0.0000 	1.7200 	2.0000 	0.9973 	0.8885 	0.0000 	25550.0000 	0.0252 	0.6820 	0.2800 	0.9900 	0.0000 	0.0000 	0.0000 	0.2656 	0.9660 	194111.2943 	172471.0000 	100.0000 	179.8448 	0.0000 	0.0000 
				2054.0000 	171334.5146 	7710053.1560 	7803561.0000 	93507.8440 	0.0000 	0.0000 	1.7200 	2.0000 	0.9973 	0.8861 	0.0000 	25550.0000 	0.0216 	0.6760 	0.2800 	0.9900 	1.0000 	0.0000 	1.0000 	0.2800 	0.9900 	209719.5100 	185828.0000 	100.0000 	176.9525 	5539.0508 	4908.0000 
				2055.0000 	171562.5903 	7891879.1560 	7985387.0000 	93507.8440 	0.0000 	0.0000 	1.7200 	2.0000 	0.9973 	0.8836 	0.0000 	25550.0000 	0.0180 	0.6700 	0.2800 	0.9900 	0.0000 	0.0000 	0.0000 	0.2764 	0.9840 	205768.4307 	181826.0000 	100.0000 	174.1239 	0.0000 	0.0000 
				2056.0000 	171696.8757 	8069753.1560 	8163261.0000 	93507.8440 	0.0000 	0.0000 	1.7200 	2.0000 	0.9973 	0.8812 	0.0000 	25550.0000 	0.0144 	0.6640 	0.2800 	0.9900 	0.0000 	0.0000 	0.0000 	0.2728 	0.9780 	201850.0351 	177874.0000 	100.0000 	171.3560 	0.0000 	0.0000 
				2057.0000 	171744.2532 	8243724.1560 	8337232.0000 	93507.8440 	0.0000 	0.0000 	1.7200 	2.0000 	0.9973 	0.8788 	0.0000 	25550.0000 	0.0108 	0.6580 	0.2800 	0.9900 	0.0000 	0.0000 	0.0000 	0.2692 	0.9720 	197964.3229 	173971.0000 	100.0000 	168.6464 	0.0000 	0.0000 
				2058.0000 	171711.0440 	8413841.1560 	8507349.0000 	93507.8440 	0.0000 	0.0000 	1.7200 	2.0000 	0.9973 	0.8764 	0.0000 	25550.0000 	0.0072 	0.6520 	0.2800 	0.9900 	0.0000 	0.0000 	0.0000 	0.2656 	0.9660 	194111.2943 	170117.0000 	100.0000 	165.9927 	0.0000 	0.0000 
				2059.0000 	171837.2861 	8591864.3032 	8690640.0000 	98775.6968 	0.0000 	0.0000 	1.7200 	2.0000 	0.9973 	0.8740 	0.0000 	25550.0000 	0.0036 	0.6460 	0.2800 	0.9900 	1.0000 	0.0000 	1.0000 	0.2800 	0.9900 	209719.5100 	183291.0000 	100.0000 	163.3926 	5267.8528 	4604.0000 
